100 0.25 0.0
300 0.5 0.0
600 0.3333333333333333 0.0022222222222222222
900 0.25 0.0016666666666666668
1200 0.2 0.0013333333333333333
1500 0.16666666666666666 0.0011111111111111111
100 0.25 0.0
300 0.5 0.0
600 0.3333333333333333 0.0022222222222222222
900 0.25 0.0016666666666666668
1200 0.2 0.0013333333333333333
1500 0.16666666666666666 0.0011111111111111111
100 0.25 0.0
300 0.5 0.0
600 0.3333333333333333 0.0022222222222222222
900 0.25 0.0016666666666666668
1200 0.2 0.0013333333333333333
1500 0.16666666666666666 0.0011111111111111111
100 0.25 0.0
300 0.5 0.0
600 0.3333333333333333 0.0022222222222222222
900 0.25 0.0016666666666666668
1200 0.2 0.0013333333333333333
1500 0.16666666666666666 0.0011111111111111111
100 0.175 0.0
300 0.04666666666666667 0.0
600 0.006666666666666667 0.0022222222222222222
900 0.005 0.0016666666666666668
1200 0.004 0.0013333333333333333
1500 0.0033333333333333335 0.0011111111111111111
100 0.09 0.0
300 0.0 0.0
600 0.03777777777777778 0.0022222222222222222
900 0.023333333333333334 0.0016666666666666668
1200 0.024 0.0013333333333333333
1500 0.015555555555555555 0.0011111111111111111
100 0.59 0.0
300 0.0 0.0
600 0.2911111111111111 0.0022222222222222222
900 0.025 0.0016666666666666668
1200 0.024 0.0013333333333333333
1500 0.015555555555555555 0.0011111111111111111
100 0.59 0.0
300 0.0 0.0
600 0.2911111111111111 0.0022222222222222222
900 0.025 0.0016666666666666668
1200 0.024 0.0013333333333333333
1500 0.015555555555555555 0.0011111111111111111
100 0.07 0.0
300 0.0 0.0
600 0.006666666666666667 0.0022222222222222222
900 0.05333333333333334 0.0016666666666666668
1200 0.004 0.0013333333333333333
1500 0.006666666666666667 0.0011111111111111111
100 0.25 0.0
300 0.5 0.0
600 0.3333333333333333 0.0022222222222222222
900 0.25 0.0016666666666666668
1200 0.2 0.0013333333333333333
1500 0.16666666666666666 0.0011111111111111111
100 0.25 0.0
300 0.5 0.0
600 0.3288888888888889 0.0022222222222222222
900 0.25 0.0016666666666666668
1200 0.2 0.0013333333333333333
1500 0.13444444444444445 0.0011111111111111111
100 0.0 0.0
300 0.0 0.0
600 0.0 0.0022222222222222222
900 0.25 0.0016666666666666668
1200 0.0 0.0013333333333333333
1500 0.0 0.0011111111111111111
100 0.75 0.0
300 0.03 0.0
600 0.04 0.0022222222222222222
900 0.03 0.0016666666666666668
1200 0.2 0.0013333333333333333
1500 0.0 0.0011111111111111111
100 0.655 0.0
300 0.5 0.0
600 0.3333333333333333 0.0022222222222222222
900 0.051666666666666666 0.0016666666666666668
1200 0.05466666666666667 0.0013333333333333333
1500 0.16666666666666666 0.0011111111111111111
