0.0005 0.125
0.00051 0.125
0.0005200000000000001 0.125
0.0005300000000000001 0.125
0.0005400000000000001 0.125
0.0005500000000000001 0.125
0.0005600000000000002 0.125
0.0005700000000000002 0.125
0.0005800000000000002 0.125
0.0005900000000000002 0.125
0.0006000000000000003 0.125
0.0006100000000000003 0.125
0.0006200000000000003 0.125
0.0006300000000000004 0.125
0.0006400000000000004 0.125
0.0006500000000000004 0.125
0.0006600000000000004 0.12333333333333334
0.0006700000000000005 0.12
0.0006800000000000005 0.12
0.0006900000000000005 0.12
0.0007000000000000005 0.12
0.0007100000000000006 0.12
0.0007200000000000006 0.12
0.0007300000000000006 0.11916666666666667
0.0007400000000000006 0.11916666666666667
0.0007500000000000007 0.1175
0.0007600000000000007 0.11333333333333333
0.0007700000000000007 0.1125
0.0007800000000000007 0.10833333333333334
0.0007900000000000008 0.10583333333333333
0.0008000000000000008 0.10333333333333333
0.0008100000000000008 0.10166666666666667
0.0008200000000000008 0.095
0.0008300000000000009 0.08583333333333333
0.0008400000000000009 0.08333333333333333
0.0008500000000000009 0.07916666666666666
0.000860000000000001 0.07666666666666666
0.000870000000000001 0.07
0.000880000000000001 0.06416666666666666
0.000890000000000001 0.058333333333333334
0.0009000000000000011 0.049166666666666664
0.0009100000000000011 0.04416666666666667
0.0009200000000000011 0.03916666666666667
0.0009300000000000011 0.029166666666666667
0.0009400000000000012 0.016666666666666666
0.0009500000000000012 0.0025
0.0009600000000000012 0.0025
0.0009700000000000012 0.0008333333333333334
0.0009800000000000013 0.0004166666666666667
0.0009900000000000013 0.0
0.0010000000000000013 0.0
0.0010100000000000013 0.0
0.0010200000000000014 0.0
0.0010300000000000014 0.0
0.0010400000000000014 0.0
0.0010500000000000015 0.0
0.0010600000000000015 0.0
0.0010700000000000015 0.0
0.0010800000000000015 0.0
0.0010900000000000016 0.0
0.0011000000000000016 0.0
0.0011100000000000016 0.0
0.0011200000000000016 0.0
0.0011300000000000017 0.0
0.0011400000000000017 0.0
0.0011500000000000017 0.0
0.0011600000000000017 0.0008333333333333334
0.0011700000000000018 0.0033333333333333335
0.0011800000000000018 0.004166666666666667
0.0011900000000000018 0.005833333333333334
0.0012000000000000018 0.006666666666666667
0.0012100000000000019 0.006666666666666667
0.001220000000000002 0.006666666666666667
0.001230000000000002 0.010833333333333334
0.001240000000000002 0.0125
0.001250000000000002 0.015833333333333335
0.001260000000000002 0.016666666666666666
0.001270000000000002 0.016666666666666666
0.001280000000000002 0.018333333333333333
0.001290000000000002 0.021666666666666667
0.0013000000000000021 0.025833333333333333
0.0013100000000000021 0.0275
0.0013200000000000022 0.0275
0.0013300000000000022 0.0275
0.0013400000000000022 0.028333333333333332
0.0013500000000000022 0.030833333333333334
0.0013600000000000023 0.03333333333333333
0.0013700000000000023 0.03333333333333333
0.0013800000000000023 0.03333333333333333
0.0013900000000000023 0.035416666666666666
0.0014000000000000024 0.03625
0.0014100000000000024 0.03666666666666667
0.0014200000000000024 0.03666666666666667
0.0014300000000000024 0.037083333333333336
0.0014400000000000025 0.04
0.0014500000000000025 0.04
0.0014600000000000025 0.04
0.0014700000000000026 0.04
0.0014800000000000026 0.04
0.0014900000000000026 0.04
0.0015000000000000026 0.04
0.0015100000000000027 0.04
0.0015200000000000027 0.04
0.0015300000000000027 0.04
0.0015400000000000027 0.04
0.0015500000000000028 0.04
0.0015600000000000028 0.04
0.0015700000000000028 0.04
0.0015800000000000028 0.04
0.0015900000000000029 0.04
0.001600000000000003 0.04
0.001610000000000003 0.04
0.001620000000000003 0.04
0.001630000000000003 0.04
0.001640000000000003 0.04
0.001650000000000003 0.04083333333333333
0.001660000000000003 0.043333333333333335
0.001670000000000003 0.04666666666666667
0.001680000000000003 0.050833333333333335
0.0016900000000000031 0.051666666666666666
0.0017000000000000032 0.05333333333333334
0.0017100000000000032 0.0575
0.0017200000000000032 0.06166666666666667
0.0017300000000000032 0.065
0.0017400000000000033 0.07083333333333333
0.0017500000000000033 0.0725
0.0017600000000000033 0.07375
0.0017700000000000033 0.0775
0.0017800000000000034 0.07833333333333334
0.0017900000000000034 0.08166666666666667
0.0018000000000000034 0.0825
0.0018100000000000034 0.08333333333333333
0.0018200000000000035 0.08333333333333333
0.0018300000000000035 0.08583333333333333
0.0018400000000000035 0.08833333333333333
0.0018500000000000036 0.08833333333333333
0.0018600000000000036 0.08916666666666667
0.0018700000000000036 0.09
0.0018800000000000036 0.09416666666666666
0.0018900000000000037 0.09583333333333334
0.0019000000000000037 0.09666666666666666
0.0019100000000000037 0.09666666666666666
0.0019200000000000037 0.09666666666666666
0.0019300000000000038 0.09666666666666666
0.0019400000000000038 0.09666666666666666
0.0019500000000000038 0.09666666666666666
0.001960000000000004 0.09666666666666666
0.001970000000000004 0.09666666666666666
0.001980000000000004 0.09666666666666666
0.001990000000000004 0.09666666666666666
0.002000000000000004 0.09666666666666666
0.002010000000000004 0.09666666666666666
0.002020000000000004 0.09666666666666666
0.002030000000000004 0.09666666666666666
0.002040000000000004 0.09666666666666666
0.002050000000000004 0.0975
0.002060000000000004 0.0975
0.002070000000000004 0.0975
0.002080000000000004 0.0975
0.002090000000000004 0.0975
0.002100000000000004 0.0975
0.0021100000000000042 0.09916666666666667
0.0021200000000000043 0.09916666666666667
0.0021300000000000043 0.1
0.0021400000000000043 0.10083333333333333
0.0021500000000000043 0.1025
0.0021600000000000044 0.1025
0.0021700000000000044 0.10583333333333333
0.0021800000000000044 0.10833333333333334
0.0021900000000000044 0.11166666666666666
0.0022000000000000045 0.11333333333333333
0.0022100000000000045 0.115
0.0022200000000000045 0.11833333333333333
0.0022300000000000045 0.12083333333333333
0.0022400000000000046 0.12166666666666667
0.0022500000000000046 0.12416666666666666
0.0022600000000000046 0.125
0.0022700000000000047 0.125
0.0022800000000000047 0.125
0.0022900000000000047 0.1275
0.0023000000000000047 0.1275
0.0023100000000000048 0.12833333333333333
0.002320000000000005 0.13083333333333333
0.002330000000000005 0.13166666666666665
0.002340000000000005 0.13333333333333333
0.002350000000000005 0.135
0.002360000000000005 0.1375
0.002370000000000005 0.14083333333333334
0.002380000000000005 0.14166666666666666
0.002390000000000005 0.1425
0.002400000000000005 0.14583333333333334
0.002410000000000005 0.1475
0.002420000000000005 0.14916666666666667
0.002430000000000005 0.15083333333333335
0.002440000000000005 0.15416666666666667
0.002450000000000005 0.15666666666666668
0.002460000000000005 0.15833333333333333
0.002470000000000005 0.16083333333333333
0.002480000000000005 0.16333333333333333
0.0024900000000000052 0.16333333333333333
0.0025000000000000053 0.16416666666666666
0.0025100000000000053 0.1675
0.0025200000000000053 0.17
0.0025300000000000053 0.1725
0.0025400000000000054 0.17583333333333334
0.0025500000000000054 0.18083333333333335
0.0025600000000000054 0.1825
0.0025700000000000054 0.185
0.0025800000000000055 0.18708333333333332
0.0025900000000000055 0.19
0.0026000000000000055 0.19166666666666668
0.0026100000000000055 0.1925
0.0026200000000000056 0.1975
0.0026300000000000056 0.2025
0.0026400000000000056 0.205
0.0026500000000000056 0.20916666666666667
0.0026600000000000057 0.2125
0.0026700000000000057 0.21875
0.0026800000000000057 0.22291666666666668
0.0026900000000000058 0.22875
0.0027000000000000058 0.23125
0.002710000000000006 0.23208333333333334
0.002720000000000006 0.23375
0.002730000000000006 0.23666666666666666
0.002740000000000006 0.23916666666666667
0.002750000000000006 0.24583333333333332
0.002760000000000006 0.24833333333333332
0.002770000000000006 0.25166666666666665
0.002780000000000006 0.25333333333333335
0.002790000000000006 0.25583333333333336
0.002800000000000006 0.2575
0.002810000000000006 0.2625
0.002820000000000006 0.26416666666666666
0.002830000000000006 0.265
0.002840000000000006 0.26666666666666666
0.002850000000000006 0.2675
0.002860000000000006 0.2683333333333333
0.0028700000000000062 0.2683333333333333
0.0028800000000000063 0.26916666666666667
0.0028900000000000063 0.26916666666666667
0.0029000000000000063 0.27
0.0029100000000000063 0.2704166666666667
0.0029200000000000064 0.2704166666666667
0.0029300000000000064 0.27166666666666667
0.0029400000000000064 0.2733333333333333
0.0029500000000000064 0.27416666666666667
0.0029600000000000065 0.27416666666666667
0.0029700000000000065 0.27666666666666667
0.0029800000000000065 0.2791666666666667
0.0029900000000000065 0.2833333333333333
0.0030000000000000066 0.28583333333333333
0.0030100000000000066 0.2875
0.0030200000000000066 0.28833333333333333
0.0030300000000000066 0.28833333333333333
0.0030400000000000067 0.2891666666666667
0.0030500000000000067 0.2891666666666667
0.0030600000000000067 0.2891666666666667
0.0030700000000000068 0.2891666666666667
0.0030800000000000068 0.2891666666666667
0.003090000000000007 0.2891666666666667
0.003100000000000007 0.29083333333333333
0.003110000000000007 0.2925
0.003120000000000007 0.29583333333333334
0.003130000000000007 0.30083333333333334
0.003140000000000007 0.3016666666666667
0.003150000000000007 0.3016666666666667
0.003160000000000007 0.3016666666666667
0.003170000000000007 0.3016666666666667
0.003180000000000007 0.3016666666666667
0.003190000000000007 0.3016666666666667
0.003200000000000007 0.3016666666666667
0.003210000000000007 0.3016666666666667
0.003220000000000007 0.3016666666666667
0.003230000000000007 0.3016666666666667
0.003240000000000007 0.3016666666666667
0.0032500000000000072 0.3016666666666667
0.0032600000000000072 0.3016666666666667
0.0032700000000000073 0.3016666666666667
0.0032800000000000073 0.3016666666666667
0.0032900000000000073 0.3016666666666667
0.0033000000000000074 0.3016666666666667
0.0033100000000000074 0.3016666666666667
0.0033200000000000074 0.3016666666666667
0.0033300000000000074 0.3016666666666667
0.0033400000000000075 0.3016666666666667
0.0033500000000000075 0.3016666666666667
0.0033600000000000075 0.3016666666666667
0.0033700000000000075 0.3016666666666667
0.0033800000000000076 0.3016666666666667
0.0033900000000000076 0.3016666666666667
0.0034000000000000076 0.3016666666666667
0.0034100000000000076 0.3016666666666667
0.0034200000000000077 0.30333333333333334
0.0034300000000000077 0.30416666666666664
0.0034400000000000077 0.3075
0.0034500000000000077 0.31083333333333335
0.0034600000000000078 0.31333333333333335
0.003470000000000008 0.315
0.003480000000000008 0.31583333333333335
0.003490000000000008 0.31583333333333335
0.003500000000000008 0.31666666666666665
0.003510000000000008 0.31833333333333336
0.003520000000000008 0.32125
0.003530000000000008 0.32458333333333333
0.003540000000000008 0.3254166666666667
0.003550000000000008 0.3254166666666667
0.003560000000000008 0.32666666666666666
0.003570000000000008 0.32666666666666666
0.003580000000000008 0.32666666666666666
0.003590000000000008 0.32666666666666666
0.003600000000000008 0.32666666666666666
0.003610000000000008 0.32666666666666666
0.003620000000000008 0.32666666666666666
0.0036300000000000082 0.32666666666666666
0.0036400000000000082 0.32666666666666666
0.0036500000000000083 0.32666666666666666
0.0036600000000000083 0.32666666666666666
0.0036700000000000083 0.32666666666666666
0.0036800000000000084 0.32666666666666666
0.0036900000000000084 0.32666666666666666
0.0037000000000000084 0.32666666666666666
0.0037100000000000084 0.32666666666666666
0.0037200000000000085 0.32666666666666666
0.0037300000000000085 0.32666666666666666
0.0037400000000000085 0.32666666666666666
0.0037500000000000085 0.32666666666666666
0.0037600000000000086 0.32666666666666666
0.0037700000000000086 0.32666666666666666
0.0037800000000000086 0.32666666666666666
0.0037900000000000086 0.32666666666666666
0.0038000000000000087 0.32666666666666666
0.0038100000000000087 0.32666666666666666
0.0038200000000000087 0.32666666666666666
0.0038300000000000087 0.32666666666666666
0.0038400000000000088 0.32666666666666666
0.003850000000000009 0.32666666666666666
0.003860000000000009 0.32666666666666666
0.003870000000000009 0.32666666666666666
0.003880000000000009 0.32666666666666666
0.003890000000000009 0.32666666666666666
0.003900000000000009 0.32666666666666666
0.003910000000000009 0.32666666666666666
0.0039200000000000085 0.32666666666666666
0.003930000000000009 0.3275
0.0039400000000000095 0.3283333333333333
0.003950000000000009 0.3283333333333333
0.003960000000000009 0.3283333333333333
0.003970000000000009 0.33
0.00398000000000001 0.3308333333333333
0.003990000000000009 0.33166666666666667
0.004000000000000009 0.33166666666666667
0.004010000000000009 0.33166666666666667
0.00402000000000001 0.33166666666666667
0.004030000000000009 0.33166666666666667
0.004040000000000009 0.33166666666666667
0.004050000000000009 0.33166666666666667
0.00406000000000001 0.33166666666666667
0.004070000000000009 0.33166666666666667
0.004080000000000009 0.33166666666666667
0.004090000000000009 0.33166666666666667
0.00410000000000001 0.33166666666666667
0.0041100000000000095 0.33166666666666667
0.004120000000000009 0.33166666666666667
0.0041300000000000095 0.33166666666666667
0.00414000000000001 0.33166666666666667
0.00415000000000001 0.33166666666666667
0.004160000000000009 0.33166666666666667
0.00417000000000001 0.33166666666666667
0.00418000000000001 0.33166666666666667
0.00419000000000001 0.33166666666666667
0.004200000000000009 0.33166666666666667
0.00421000000000001 0.33166666666666667
0.00422000000000001 0.33166666666666667
0.00423000000000001 0.33166666666666667
0.004240000000000009 0.33166666666666667
0.00425000000000001 0.33166666666666667
0.00426000000000001 0.33166666666666667
0.00427000000000001 0.33166666666666667
0.0042800000000000095 0.33166666666666667
0.00429000000000001 0.33166666666666667
0.00430000000000001 0.33166666666666667
0.00431000000000001 0.33166666666666667
0.00432000000000001 0.33166666666666667
0.00433000000000001 0.33166666666666667
0.0043400000000000105 0.33166666666666667
0.00435000000000001 0.33166666666666667
0.00436000000000001 0.33166666666666667
0.00437000000000001 0.33166666666666667
0.004380000000000011 0.33166666666666667
0.00439000000000001 0.33166666666666667
0.00440000000000001 0.33166666666666667
0.004410000000000011 0.33166666666666667
0.004420000000000011 0.33166666666666667
0.00443000000000001 0.33166666666666667
0.00444000000000001 0.33166666666666667
0.004450000000000011 0.3325
0.004460000000000011 0.3333333333333333
0.00447000000000001 0.3333333333333333
0.00448000000000001 0.33416666666666667
0.004490000000000011 0.33416666666666667
0.004500000000000011 0.33416666666666667
0.0045100000000000105 0.335
0.00452000000000001 0.335
0.0045300000000000114 0.33666666666666667
0.004540000000000011 0.3375
0.004550000000000011 0.3375
0.00456000000000001 0.3383333333333333
0.0045700000000000116 0.34
0.004580000000000011 0.3408333333333333
0.004590000000000011 0.3425
0.00460000000000001 0.3433333333333333
0.004610000000000012 0.3475
0.004620000000000011 0.3475
0.004630000000000011 0.34833333333333333
0.0046400000000000104 0.34833333333333333
0.004650000000000012 0.3491666666666667
0.004660000000000011 0.35083333333333333
0.004670000000000011 0.3525
0.0046800000000000105 0.35583333333333333
0.004690000000000012 0.36291666666666667
0.0047000000000000115 0.36375
0.004710000000000011 0.3670833333333333
0.004720000000000011 0.36875
0.004730000000000012 0.3720833333333333
0.0047400000000000116 0.3779166666666667
0.004750000000000011 0.37833333333333335
0.004760000000000011 0.38083333333333336
0.004770000000000012 0.38083333333333336
0.004780000000000012 0.3825
0.004790000000000011 0.38416666666666666
0.004800000000000011 0.385
0.004810000000000012 0.385
0.004820000000000012 0.38666666666666666
0.004830000000000011 0.39
0.004840000000000011 0.3908333333333333
0.004850000000000012 0.39916666666666667
0.004860000000000012 0.4041666666666667
0.0048700000000000115 0.4166666666666667
0.004880000000000011 0.43
0.004890000000000012 0.44458333333333333
0.004900000000000012 0.4529166666666667
0.004910000000000012 0.47
0.004920000000000011 0.48291666666666666
0.0049300000000000125 0.49833333333333335
0.004940000000000012 0.5104166666666666
0.004950000000000012 0.52
0.004960000000000011 0.5275
0.004970000000000013 0.5320833333333334
0.004980000000000012 0.53625
0.004990000000000012 0.5395833333333333
0.005000000000000011 0.5425
0.005010000000000013 0.5441666666666667
0.005020000000000012 0.545
0.005030000000000012 0.5458333333333333
0.0050400000000000115 0.5458333333333333
0.005050000000000013 0.5475
0.005060000000000012 0.5483333333333333
0.005070000000000012 0.5491666666666667
0.005080000000000012 0.55
0.005090000000000013 0.5516666666666666
0.0051000000000000125 0.5525
0.005110000000000012 0.5533333333333333
0.005120000000000012 0.555
0.005130000000000013 0.5583333333333333
0.005140000000000013 0.5591666666666667
0.005150000000000012 0.5591666666666667
0.005160000000000012 0.5608333333333333
0.005170000000000013 0.5641666666666667
0.005180000000000013 0.5666666666666667
0.005190000000000012 0.5675
0.005200000000000012 0.5683333333333334
0.005210000000000013 0.5691666666666667
0.005220000000000013 0.5708333333333333
0.005230000000000012 0.5716666666666667
0.005240000000000012 0.5741666666666667
0.005250000000000013 0.5766666666666667
0.005260000000000013 0.58
0.0052700000000000125 0.5816666666666667
0.005280000000000012 0.585
0.0052900000000000134 0.5875
0.005300000000000013 0.5891666666666666
0.005310000000000013 0.5929166666666666
0.005320000000000012 0.5954166666666667
0.0053300000000000135 0.6
0.005340000000000013 0.6058333333333333
0.005350000000000013 0.6133333333333333
0.005360000000000012 0.6191666666666666
0.005370000000000014 0.6291666666666667
0.005380000000000013 0.635
0.005390000000000013 0.6433333333333333
0.005400000000000012 0.6529166666666667
0.005410000000000014 0.6579166666666667
0.005420000000000013 0.6604166666666667
0.005430000000000013 0.6629166666666667
0.0054400000000000125 0.6645833333333333
0.005450000000000014 0.6675
0.0054600000000000135 0.6683333333333333
0.005470000000000013 0.6691666666666667
0.005480000000000013 0.67
0.005490000000000014 0.6733333333333333
0.0055000000000000136 0.6733333333333333
0.005510000000000013 0.6733333333333333
0.005520000000000013 0.675
0.005530000000000014 0.6758333333333333
0.005540000000000014 0.6783333333333333
0.005550000000000013 0.6808333333333333
0.005560000000000013 0.6829166666666666
0.005570000000000014 0.6854166666666667
0.005580000000000014 0.69
0.005590000000000013 0.6966666666666667
0.005600000000000013 0.6991666666666667
0.005610000000000014 0.7025
0.005620000000000014 0.7033333333333334
0.0056300000000000135 0.7054166666666667
0.005640000000000013 0.70875
0.005650000000000014 0.71
0.005660000000000014 0.7141666666666666
0.005670000000000014 0.7158333333333333
0.005680000000000013 0.7166666666666667
0.0056900000000000145 0.7179166666666666
0.005700000000000014 0.7195833333333334
0.005710000000000014 0.72125
0.005720000000000013 0.7216666666666667
0.005730000000000015 0.7225
0.005740000000000014 0.7241666666666666
0.005750000000000014 0.7241666666666666
0.005760000000000013 0.7258333333333333
0.005770000000000015 0.7275
0.005780000000000014 0.7316666666666667
0.005790000000000014 0.7316666666666667
0.0058000000000000135 0.7333333333333333
0.005810000000000015 0.7341666666666666
0.005820000000000014 0.7366666666666667
0.005830000000000014 0.7383333333333333
0.005840000000000014 0.74
0.005850000000000015 0.7425
0.0058600000000000145 0.7433333333333333
0.005870000000000014 0.7458333333333333
0.005880000000000014 0.7483333333333333
0.005890000000000015 0.7516666666666667
0.005900000000000015 0.7533333333333333
0.005910000000000014 0.7566666666666667
0.005920000000000014 0.7616666666666667
0.005930000000000015 0.765
0.005940000000000015 0.7716666666666666
0.005950000000000014 0.7775
0.005960000000000014 0.7816666666666666
0.005970000000000015 0.7858333333333334
0.005980000000000015 0.7883333333333333
0.005990000000000014 0.7908333333333334
0.006000000000000014 0.7925
0.006010000000000015 0.7933333333333333
0.006020000000000015 0.7941666666666667
0.0060300000000000145 0.795
0.006040000000000014 0.7966666666666666
0.0060500000000000154 0.7966666666666666
0.006060000000000015 0.7966666666666666
0.006070000000000015 0.7975
0.006080000000000014 0.7991666666666667
0.0060900000000000155 0.8
0.006100000000000015 0.8008333333333333
0.006110000000000015 0.8008333333333333
0.006120000000000014 0.8008333333333333
0.006130000000000016 0.8016666666666666
0.006140000000000015 0.8016666666666666
0.006150000000000015 0.8025
0.006160000000000014 0.8025
0.006170000000000016 0.8025
0.006180000000000015 0.8025
0.006190000000000015 0.8033333333333333
0.0062000000000000145 0.8041666666666667
0.006210000000000016 0.805
0.0062200000000000154 0.805
0.006230000000000015 0.805
0.006240000000000015 0.805
0.006250000000000016 0.805
0.0062600000000000156 0.805
0.006270000000000015 0.805
0.006280000000000015 0.805
0.006290000000000016 0.8058333333333333
0.006300000000000016 0.8058333333333333
0.006310000000000015 0.8058333333333333
0.006320000000000015 0.8058333333333333
0.006330000000000016 0.8058333333333333
0.006340000000000016 0.8058333333333333
0.006350000000000015 0.8058333333333333
0.006360000000000015 0.8058333333333333
0.006370000000000016 0.8058333333333333
0.006380000000000016 0.8058333333333333
0.0063900000000000155 0.8058333333333333
0.006400000000000015 0.8066666666666666
0.006410000000000016 0.8091666666666667
0.006420000000000016 0.8091666666666667
0.0064300000000000156 0.8091666666666667
0.006440000000000015 0.8108333333333333
0.0064500000000000165 0.8116666666666666
0.006460000000000016 0.8141666666666667
0.006470000000000016 0.815
0.006480000000000015 0.8154166666666667
0.006490000000000017 0.82
0.006500000000000016 0.82
0.006510000000000016 0.8208333333333333
0.006520000000000015 0.8233333333333334
0.006530000000000017 0.8241666666666667
0.006540000000000016 0.825
0.006550000000000016 0.8258333333333333
0.0065600000000000155 0.8283333333333334
0.006570000000000017 0.83
0.006580000000000016 0.83
0.006590000000000016 0.8316666666666667
0.006600000000000016 0.8325
0.006610000000000017 0.8325
0.0066200000000000165 0.8325
0.006630000000000016 0.8333333333333334
0.006640000000000016 0.8333333333333334
0.006650000000000017 0.8333333333333334
0.006660000000000017 0.8333333333333334
0.006670000000000016 0.8333333333333334
0.006680000000000016 0.8333333333333334
0.006690000000000017 0.8333333333333334
0.006700000000000017 0.8333333333333334
0.006710000000000016 0.8333333333333334
0.006720000000000016 0.8333333333333334
0.006730000000000017 0.8333333333333334
0.006740000000000017 0.8333333333333334
0.006750000000000016 0.8333333333333334
0.006760000000000016 0.8333333333333334
0.006770000000000017 0.8333333333333334
0.006780000000000017 0.8333333333333334
0.0067900000000000165 0.8333333333333334
0.006800000000000016 0.8333333333333334
0.006810000000000017 0.8333333333333334
0.006820000000000017 0.8333333333333334
0.006830000000000017 0.8333333333333334
0.006840000000000016 0.8333333333333334
0.0068500000000000175 0.8333333333333334
0.006860000000000017 0.8333333333333334
0.006870000000000017 0.835
0.006880000000000016 0.8383333333333334
0.006890000000000018 0.8383333333333334
0.006900000000000017 0.8383333333333334
0.006910000000000017 0.8383333333333334
0.006920000000000016 0.8391666666666666
0.006930000000000018 0.8391666666666666
0.006940000000000017 0.8391666666666666
0.006950000000000017 0.84
0.0069600000000000165 0.84
0.006970000000000018 0.8408333333333333
0.0069800000000000174 0.8416666666666667
0.006990000000000017 0.8425
0.007000000000000017 0.8441666666666666
0.007010000000000018 0.8458333333333333
0.0070200000000000175 0.8458333333333333
0.007030000000000017 0.8466666666666667
0.007040000000000017 0.8466666666666667
0.007050000000000018 0.8466666666666667
0.007060000000000018 0.8466666666666667
0.007070000000000017 0.8483333333333334
0.007080000000000017 0.8483333333333334
0.007090000000000018 0.8483333333333334
0.007100000000000018 0.8483333333333334
0.007110000000000017 0.8508333333333333
0.007120000000000017 0.85125
0.007130000000000018 0.8520833333333333
0.007140000000000018 0.85375
0.0071500000000000175 0.8545833333333334
0.007160000000000017 0.8570833333333333
0.007170000000000018 0.8575
0.007180000000000018 0.86
0.0071900000000000176 0.8616666666666667
0.007200000000000017 0.8641666666666666
0.0072100000000000185 0.8658333333333333
0.007220000000000018 0.8683333333333333
0.007230000000000018 0.87
0.007240000000000017 0.8708333333333333
0.007250000000000019 0.8733333333333333
0.007260000000000018 0.875
0.007270000000000018 0.875
0.007280000000000017 0.875
0.007290000000000019 0.875
0.007300000000000018 0.875
0.007310000000000018 0.875
0.0073200000000000175 0.875
0.007330000000000019 0.875
0.007340000000000018 0.875
0.007350000000000018 0.875
0.007360000000000018 0.875
0.007370000000000019 0.875
0.0073800000000000185 0.875
0.007390000000000018 0.875
0.007400000000000018 0.875
0.007410000000000019 0.875
0.007420000000000019 0.875
0.007430000000000018 0.875
0.007440000000000018 0.875
0.007450000000000019 0.875
0.007460000000000019 0.875
0.007470000000000018 0.875
0.007480000000000018 0.875
0.007490000000000019 0.875
0.007500000000000019 0.875
0.007510000000000018 0.875
0.007520000000000018 0.875
0.007530000000000019 0.875
0.007540000000000019 0.875
0.0075500000000000185 0.875
0.007560000000000018 0.875
0.007570000000000019 0.875
0.007580000000000019 0.875
0.007590000000000019 0.875
0.007600000000000018 0.875
0.0076100000000000195 0.875
0.007620000000000019 0.875
0.007630000000000019 0.875
0.007640000000000018 0.875
0.00765000000000002 0.875
0.007660000000000019 0.875
0.007670000000000019 0.875
0.007680000000000018 0.875
0.00769000000000002 0.875
0.007700000000000019 0.875
0.007710000000000019 0.875
0.0077200000000000185 0.875
0.00773000000000002 0.875
0.0077400000000000194 0.875
0.007750000000000019 0.875
0.007760000000000019 0.875
0.00777000000000002 0.875
0.0077800000000000195 0.875
0.007790000000000019 0.875
0.007800000000000019 0.875
0.00781000000000002 0.875
0.00782000000000002 0.875
0.00783000000000002 0.875
0.007840000000000019 0.8745833333333334
0.00785000000000002 0.875
0.00786000000000002 0.875
0.00787000000000002 0.875
0.007880000000000019 0.875
0.00789000000000002 0.875
0.00790000000000002 0.875
0.00791000000000002 0.875
0.007920000000000019 0.875
0.00793000000000002 0.875
0.00794000000000002 0.875
0.00795000000000002 0.875
0.00796000000000002 0.875
0.00797000000000002 0.875
0.00798000000000002 0.875
0.00799000000000002 0.875
